0 0.16686701755145955 0.11861313868613137 0.2577234363606172 0.19343065693430653
0 0.15617802710332326 0.2436131386861313 0.23634545546434466 0.14051094890510937
0 0.15855335831402026 0.6104014598540146 0.27672608604619264 0.20985401459854017
0 0.17339917838087607 0.8156934306569343 0.280289082862238 0.17883211678832125
0 0.4465622676110233 0.13138686131386862 0.23040712743760244 0.1642335766423358
0 0.47665865401612423 0.4100685961333845 0.30864077266376166 0.2031259581321666
0 0.44537460200567486 0.6989051094890512 0.2612864331766626 0.2007299270072992
0 0.7161623600251252 0.12956204379562045 0.22803179622690556 0.14963503649635038
0 0.8147386052690478 0.3494525547445255 0.2897904077050256 0.20620437956204377
0 0.7357588425133748 0.5547445255474449 0.2862274108889805 0.18248175182481746
0 0.7249936672094541 0.7755128980044877 0.3169323476839625 0.27148112813229086
