0 0.24526345179689685 0.1678832116788321 0.39926608432052973 0.25182481751824815
0 0.6145845797933869 0.17700729927007303 0.32226476805871335 0.1934306569343066
0 0.2378281020750946 0.4020537559382818 0.4267714953026476 0.30656433897909446
0 0.6067418531370905 0.38777372262773696 0.360765426189621 0.20620437956204354
0 0.6010380519325116 0.6104014598540146 0.34080212197359494 0.17700729927007303
0 0.24383750149575206 0.6642335766423357 0.3422280722747397 0.19708029197080287
0 0.23884667544174548 0.8686131386861313 0.3550616249850425 0.20072992700729927
0 0.6221266098134953 0.8102621307595915 0.3573420170378948 0.20205129417180018
0 0.8461107449230897 0.272538666010407 0.19354286621726374 0.34514061008642843
0 0.8497881460389932 0.6537922596300509 0.25588376253348427 0.3586219396456008
